C:\pythonProject5\venv\Scripts\python.exe C:\pythonProject5\main.py 
результати для input01_2.txt:
вектор з найбільш розмірністю та найменш довжиною: -255.0 -494.0 -266.0 -840.0 171.0 902.0 -554.0 691.0 -735.0 3.0
вектор з найбільш довжиною та найменш розмірністю: -652.0 74.0 -708.0 -706.0 -875.0 -994.0 935.0 943.0
середня довжина вектора: 1276.6876601078898
к-сть векторів з довжиною більше за середню: 4
вектор з макс найбільшою компонентою: -652.0 74.0 -708.0 -706.0 -875.0 -994.0 935.0 943.0
вектор з мін найменшою компонентою: -652.0 74.0 -708.0 -706.0 -875.0 -994.0 935.0 943.0

результати для input02_2.txt:
вектор з найбільш розмірністю та найменш довжиною: 528.0 -269.0 627.0 -16.0 -547.0 876.0 -842.0 511.0 302.0 -179.0 -527.0 -239.0 -503.0 -712.0 -86.0 -924.0 328.0 529.0 890.0 692.0 -593.0 788.0 -637.0 3.0 -630.0 -350.0 700.0 -137.0 160.0 -101.0 -224.0 -373.0 753.0 245.0 520.0 126.0 82.0 361.0 633.0 -474.0 550.0 -500.0 543.0 -85.0 -990.0 -150.0 194.0 399.0 595.0 -736.0
вектор з найбільш довжиною та найменш розмірністю: 77.0 549.0 -409.0 940.0 -871.0 -173.0 277.0 -818.0 393.0 -658.0 -191.0 -440.0 418.0 -787.0 -929.0 763.0 171.0 976.0 -765.0 -700.0 427.0 434.0 974.0 -844.0 -206.0 -829.0 21.0 -825.0 209.0 465.0 524.0 337.0 -559.0 499.0 -172.0 -613.0 829.0 201.0 -480.0 -238.0 -841.0 -452.0 725.0 -848.0 -183.0 545.0 936.0
середня довжина вектора: 2526.05496296528
к-сть векторів з довжиною більше за середню: 50
вектор з макс найбільшою компонентою: -689.0 -203.0 -437.0 488.0 396.0 -992.0 -521.0 -760.0 -37.0 -718.0 202.0 -456.0 -460.0 -147.0 579.0 -609.0 110.0 930.0 464.0 999.0 -357.0
вектор з мін найменшою компонентою: -711.0 -286.0 944.0 845.0 -787.0 -1000.0 -523.0 682.0 -708.0 114.0 404.0 -720.0 -382.0 -782.0 536.0 -884.0 -402.0 699.0 -45.0 633.0 967.0 962.0 -232.0 -515.0 -535.0 871.0 303.0 224.0 804.0 -195.0 554.0 721.0 623.0 333.0 789.0 -110.0 642.0 159.0 180.0 -637.0 65.0 616.0 513.0 472.0 567.0 -127.0

результати для input03_2.txt:
вектор з найбільш розмірністю та найменш довжиною: -313.0 359.0 -914.0 -804.0 272.0 136.0 838.0 -336.0 -355.0 -344.0 520.0 604.0 -389.0 -926.0 -968.0 -823.0 -409.0 -280.0 -381.0 -766.0 103.0 -526.0 174.0 -814.0 438.0 -274.0 254.0 377.0 912.0 -93.0 -492.0 -497.0 -804.0 -369.0 -165.0 -136.0 326.0 175.0 -521.0 680.0 -77.0 593.0 329.0 197.0 -122.0 -112.0 181.0 -20.0 395.0 365.0 265.0 571.0 -3.0 0.0 783.0 632.0 519.0 -316.0 86.0 464.0 833.0 -614.0 -698.0 -403.0 162.0 239.0 760.0 -194.0 810.0 868.0 -283.0 463.0 561.0 150.0 312.0 -153.0 -587.0 571.0 -612.0 580.0 120.0 -158.0 514.0 611.0 -710.0 -792.0 -113.0 0.0 -647.0 -2.0 -958.0 9.0 -782.0 372.0 768.0 893.0 345.0 25.0 649.0 -682.0
вектор з найбільш довжиною та найменш розмірністю: 658.0 -750.0 -638.0 668.0 -555.0 76.0 -376.0 -736.0 -670.0 149.0 -509.0 208.0 -557.0 -735.0 -230.0 3.0 -809.0 -546.0 -760.0 -668.0 -363.0 630.0 -711.0 -859.0 560.0 246.0 -586.0 352.0 -654.0 562.0 -21.0 -675.0 -707.0 983.0 928.0 -522.0 -387.0 724.0 671.0 -134.0 -828.0 535.0 -686.0 -752.0 -276.0 918.0 198.0 353.0 -118.0 -19.0 932.0 175.0 616.0 136.0 87.0 206.0 -53.0 -632.0 -79.0 -274.0 -611.0 480.0 795.0 996.0 800.0 805.0 137.0 421.0 -332.0 804.0 -808.0 182.0 -585.0 709.0 -864.0 404.0 849.0 -985.0 779.0 505.0 -611.0 -616.0 -981.0 -959.0 251.0 514.0 -951.0 833.0 935.0 414.0 926.0 408.0 -961.0 487.0 535.0 756.0 986.0 -246.0 -469.0
середня довжина вектора: 3828.619090445551
к-сть векторів з довжиною більше за середню: 271
вектор з макс найбільшою компонентою: -934.0 378.0 -408.0 996.0 -31.0 -800.0 935.0 381.0 19.0 169.0 162.0 -1000.0 1000.0 -855.0 -99.0 475.0 -227.0 -436.0 637.0 567.0 -814.0 617.0 976.0 800.0 886.0 753.0 -80.0 275.0 508.0 -83.0 -958.0 -182.0 -162.0 -412.0 -464.0 87.0 -43.0 123.0 -683.0 130.0 309.0 -740.0 -795.0 680.0 -867.0 365.0 -753.0 -512.0 48.0 -576.0 -506.0 -191.0 495.0 865.0 251.0 292.0 -237.0 -474.0 773.0 421.0 -162.0 390.0 881.0 768.0 655.0 -975.0 -424.0 776.0 -784.0 -826.0 125.0
вектор з мін найменшою компонентою: -934.0 378.0 -408.0 996.0 -31.0 -800.0 935.0 381.0 19.0 169.0 162.0 -1000.0 1000.0 -855.0 -99.0 475.0 -227.0 -436.0 637.0 567.0 -814.0 617.0 976.0 800.0 886.0 753.0 -80.0 275.0 508.0 -83.0 -958.0 -182.0 -162.0 -412.0 -464.0 87.0 -43.0 123.0 -683.0 130.0 309.0 -740.0 -795.0 680.0 -867.0 365.0 -753.0 -512.0 48.0 -576.0 -506.0 -191.0 495.0 865.0 251.0 292.0 -237.0 -474.0 773.0 421.0 -162.0 390.0 881.0 768.0 655.0 -975.0 -424.0 776.0 -784.0 -826.0 125.0

результати для input04_2.txt:
вектор з найбільш розмірністю та найменш довжиною: 963.0 -4.0 -266.0 -781.0 873.0 -430.0 299.0 767.0 527.0 -899.0 -922.0 -973.0 777.0 4.0 -55.0 -779.0 -62.0 153.0 430.0 -598.0 43.0 316.0 -664.0 -844.0 -457.0 -33.0 540.0 973.0 892.0 672.0 -381.0 -607.0 -901.0 -178.0 49.0 -598.0 960.0 -867.0 -284.0 -269.0 968.0 -869.0 498.0 516.0 915.0 94.0 -175.0 238.0 528.0 -175.0 399.0 361.0 -477.0 -297.0 808.0 -860.0 990.0 -935.0 -87.0 567.0 -422.0 319.0 -548.0 -896.0 139.0 667.0 440.0 858.0 -87.0 962.0 275.0 215.0 795.0 68.0 418.0 -683.0 -546.0 -995.0 -517.0 161.0 -556.0 -228.0 171.0 -943.0 -763.0 733.0 -566.0 800.0 -629.0 437.0 603.0 -98.0 -382.0 430.0 -675.0 695.0 -790.0 -136.0 67.0 -85.0 90.0 -281.0 234.0 481.0 -922.0 -395.0 -351.0 359.0 -632.0 -307.0 343.0 476.0 409.0 91.0 224.0 987.0 249.0 367.0 459.0 -878.0 -469.0 -107.0 539.0 -372.0 -880.0 -460.0 785.0 -351.0 637.0 243.0 -997.0 -998.0 -605.0 192.0 -687.0 160.0 599.0 -574.0 -527.0 398.0 560.0 872.0 689.0 -432.0 887.0 -446.0 -965.0 477.0 370.0 991.0 788.0 822.0 -414.0 925.0 -144.0 -892.0 52.0 -374.0 239.0 458.0 -5.0 -6.0 -332.0 -878.0 109.0 728.0 256.0 204.0 336.0 -507.0 982.0 795.0 155.0 293.0 -144.0 511.0 -874.0 -393.0 693.0 450.0 -871.0 535.0 -813.0 -729.0 -613.0 -902.0 257.0 584.0 -278.0 572.0 343.0 428.0 154.0 591.0 -856.0 908.0 340.0 776.0 -872.0 -81.0 744.0 -263.0 -815.0 292.0 691.0 -59.0 339.0 -339.0 548.0 -872.0 -818.0 -579.0 -148.0 -727.0 -625.0 -867.0 -625.0 -558.0 -53.0 -622.0 -330.0 -107.0 98.0 299.0 190.0 688.0 -500.0 758.0 -799.0 630.0 675.0 397.0 57.0 862.0 -815.0 114.0 -873.0 -593.0 437.0 -711.0 -920.0 -267.0 -499.0 -120.0 991.0 141.0 420.0 -727.0 377.0 -241.0 -508.0 -284.0 533.0 -886.0 -282.0 592.0 123.0 -524.0 -76.0 657.0 -257.0 18.0 -180.0 468.0 880.0 -387.0 253.0 693.0 -440.0 -495.0 923.0 -683.0 -258.0 707.0 620.0 499.0 217.0 -777.0 -745.0 -14.0 -514.0 451.0 -762.0 703.0 167.0 -707.0 -703.0 -490.0 -215.0 -954.0 996.0 -191.0 -104.0 157.0 -649.0 154.0 -506.0 -781.0 -667.0 -817.0 128.0 896.0 -528.0 -589.0 35.0 -600.0 -413.0 -239.0 -412.0 -691.0 231.0 636.0 986.0 355.0 -749.0 83.0 373.0 -198.0 323.0 934.0 561.0 -695.0 -169.0 -983.0 -787.0 732.0 411.0 -747.0 569.0 147.0 699.0 -701.0 -626.0 -37.0 382.0 562.0 246.0 -195.0 -726.0 -251.0 731.0 220.0 -320.0 17.0 442.0 234.0 -342.0 -894.0 -474.0 -77.0 -760.0 36.0 642.0 -193.0 10.0 -136.0 764.0 561.0 128.0 -620.0 -435.0 971.0 -851.0 169.0 613.0 65.0 -142.0 -585.0 -697.0 149.0 -700.0 263.0 855.0 -300.0 384.0 234.0 458.0 -154.0 -649.0 299.0 -976.0 -521.0 -175.0 -396.0 -30.0 -575.0 303.0 149.0 -880.0 332.0 -34.0 -582.0 298.0 358.0 594.0 -606.0 -785.0 536.0 -167.0 -442.0 -752.0 -865.0 -274.0 786.0 177.0 -833.0 -95.0 998.0 698.0 505.0 395.0 -910.0 137.0 962.0 -605.0 980.0 644.0 288.0 69.0 270.0 -764.0 -385.0 161.0 289.0 -220.0 -161.0 7.0 -292.0 55.0 846.0 191.0 411.0 -974.0 -394.0 658.0 585.0 145.0 482.0 18.0 746.0 -20.0 241.0 668.0 -450.0 -14.0 -171.0 -49.0 -403.0 232.0 210.0 769.0 -361.0 -208.0 771.0 460.0 -141.0 -440.0 273.0 910.0 532.0 86.0 -353.0 -589.0 591.0 -417.0 -368.0 283.0 730.0 -489.0 981.0 132.0 885.0 459.0 -202.0 810.0 937.0 446.0 143.0 32.0 -685.0 797.0 -852.0 -656.0 472.0 -505.0 -828.0 -137.0 868.0 447.0 584.0 -823.0 623.0 -535.0 -233.0 -20.0 308.0 278.0 638.0 939.0 375.0 -412.0 -768.0 -716.0 251.0 507.0 5.0 -101.0 -633.0 377.0 -412.0 477.0 878.0 601.0 380.0 130.0 -754.0 -210.0 399.0 488.0 -400.0 -186.0 -641.0 -183.0 707.0 956.0 342.0 197.0 389.0 221.0 -225.0 221.0 -157.0 141.0 773.0 1000.0 -979.0 693.0 163.0 -23.0 99.0 -568.0 513.0 631.0 -934.0 -467.0 670.0 308.0 -317.0 648.0 208.0 328.0 369.0 688.0 645.0 781.0 852.0 586.0 206.0 -593.0 -743.0 193.0 -569.0 152.0 -925.0 -671.0 342.0 91.0 -925.0 -229.0 -811.0 -160.0 421.0 343.0 -787.0 80.0 -99.0 -762.0 718.0 -482.0 -42.0 -911.0 726.0 162.0 464.0 -712.0 -244.0 -842.0 715.0 -5.0 346.0 327.0 -179.0 888.0 156.0 920.0 862.0 720.0 -876.0 819.0 -949.0 -57.0 473.0 726.0 -301.0 506.0 47.0 -530.0 10.0 -748.0 824.0 242.0 275.0 657.0 262.0 -473.0 999.0 765.0 1.0 -489.0 420.0 936.0 -80.0 -546.0 -428.0 515.0 -427.0 691.0 877.0 7.0 224.0 892.0 -778.0 270.0 -26.0 63.0 -426.0 0.0 933.0 477.0 37.0 -225.0 947.0 -92.0 -577.0 -232.0 64.0 504.0 -285.0 981.0 -662.0 149.0 689.0 330.0 891.0 -313.0 928.0 -306.0 979.0 183.0 436.0 796.0 -349.0 912.0 669.0 933.0 318.0 909.0 678.0 -90.0 -239.0 95.0 -258.0 -887.0 -332.0 567.0 551.0 343.0 956.0 550.0 887.0 894.0 -3.0 965.0 4.0 592.0 -617.0 -470.0 242.0 -58.0 31.0 983.0 239.0 -376.0 -344.0 -664.0 17.0 -826.0 -570.0 848.0 120.0 -105.0 -578.0 -739.0 314.0 -404.0 828.0 891.0 881.0 260.0 787.0 668.0 -72.0 564.0 252.0 659.0 155.0 926.0 770.0 308.0 -394.0 -157.0 -982.0 709.0 -663.0 114.0 -46.0 317.0 -334.0 579.0 -466.0 -678.0 312.0 459.0 926.0 816.0 -529.0 -899.0 306.0 529.0 -116.0 902.0 398.0 716.0 -238.0 374.0 -434.0 -476.0 -770.0 928.0 -65.0 -869.0 -303.0 -864.0 -937.0 -795.0 -881.0 -569.0 -453.0 174.0 -229.0 -621.0 382.0 221.0 -735.0 -888.0 -882.0 667.0 834.0 -516.0 555.0 120.0 -345.0 -22.0 -469.0 145.0 -867.0 -589.0 347.0 -964.0 529.0 749.0 511.0 -292.0 -569.0 -314.0 507.0 -649.0 -390.0 -18.0 -484.0 98.0 -816.0 -425.0 709.0 -985.0 -500.0 822.0 964.0 714.0 608.0 965.0 -489.0 302.0 -295.0 -29.0 272.0 998.0 -910.0 345.0 103.0 -228.0 -427.0 106.0 599.0 -351.0 845.0 871.0 -71.0 -95.0 288.0 73.0 -177.0 246.0 -76.0 -987.0 91.0 -463.0 -656.0 341.0 657.0 -256.0 -825.0 632.0 -556.0 -516.0 -262.0 495.0 243.0 -556.0 115.0 -385.0 -295.0 886.0 940.0 347.0 -995.0 -338.0 159.0 228.0 406.0 439.0 -897.0 581.0 -610.0 360.0 882.0 42.0 556.0 493.0 277.0 -951.0 -237.0 -498.0 -14.0 -3.0 892.0 719.0 -214.0 -342.0 794.0 -123.0 182.0 -898.0 9.0 -180.0 -549.0 711.0 926.0 -900.0 -355.0 619.0 375.0 -328.0 586.0 2.0 -395.0 -947.0 214.0 565.0 497.0 -302.0 962.0 -857.0 -726.0 915.0 -856.0 453.0 -868.0 -977.0 710.0 -406.0 53.0 -186.0 -291.0 -365.0 -393.0 383.0 -226.0 -543.0 -214.0 -867.0 -356.0 974.0 -460.0 720.0 -420.0 -856.0 -36.0 796.0 -678.0 538.0 336.0 103.0 999.0 910.0 -578.0 -182.0 -121.0 24.0 659.0 616.0 110.0 -479.0 670.0 581.0 -88.0 -161.0 -407.0 -276.0 -244.0 683.0 167.0 -572.0 -159.0 -556.0 -431.0 201.0 -375.0 273.0 788.0 -502.0 -644.0 610.0 -17.0 754.0 -737.0 586.0 -82.0 168.0 376.0 89.0 430.0 599.0 -44.0 -266.0 -510.0 103.0 -438.0 997.0 448.0 416.0 640.0 821.0 288.0 497.0 831.0 -150.0 -506.0 -285.0 -398.0 393.0 -795.0 352.0 795.0 357.0 -342.0 -369.0 -182.0 238.0 -270.0 -488.0 -44.0 -394.0 -842.0 -611.0 574.0 -939.0 -274.0 731.0 -917.0
вектор з найбільш довжиною та найменш розмірністю: -306.0 -986.0 483.0 316.0 833.0 -906.0 -465.0 797.0 926.0 -391.0 44.0 711.0 181.0 442.0 256.0 -555.0 640.0 -38.0 -937.0 57.0 681.0 241.0 -133.0 36.0 760.0 61.0 -443.0 -1000.0 214.0 209.0 374.0 -499.0 437.0 429.0 728.0 -573.0 -603.0 663.0 741.0 301.0 462.0 -339.0 935.0 -558.0 -591.0 343.0 -323.0 845.0 -919.0 291.0 -778.0 -650.0 947.0 -376.0 -711.0 992.0 51.0 943.0 -931.0 852.0 -212.0 870.0 492.0 956.0 349.0 375.0 -504.0 85.0 46.0 -866.0 -503.0 -181.0 -654.0 194.0 943.0 -532.0 -716.0 -381.0 -770.0 829.0 836.0 -74.0 -739.0 191.0 -683.0 687.0 575.0 -256.0 473.0 735.0 -245.0 224.0 876.0 71.0 -857.0 339.0 -968.0 -984.0 457.0 26.0 860.0 -476.0 -957.0 -155.0 766.0 -566.0 877.0 554.0 -973.0 -415.0 312.0 351.0 -110.0 907.0 -203.0 -579.0 749.0 -240.0 20.0 -105.0 -655.0 -769.0 -688.0 224.0 101.0 -501.0 512.0 -802.0 -192.0 -49.0 548.0 -183.0 -198.0 353.0 581.0 -122.0 -541.0 -903.0 868.0 963.0 347.0 -915.0 950.0 181.0 -320.0 -975.0 -78.0 477.0 501.0 834.0 629.0 163.0 329.0 984.0 365.0 83.0 -165.0 -204.0 -620.0 560.0 -791.0 439.0 820.0 -557.0 -722.0 787.0 -924.0 -723.0 -386.0 -789.0 763.0 719.0 -422.0 -574.0 -121.0 -132.0 650.0 393.0 789.0 -381.0 1000.0 638.0 -346.0 -660.0 448.0 423.0 775.0 247.0 502.0 197.0 -955.0 175.0 43.0 -162.0 -266.0 -62.0 -673.0 530.0 761.0 172.0 -61.0 799.0 -340.0 151.0 543.0 712.0 697.0 -39.0 -452.0 -986.0 -800.0 -489.0 320.0 -367.0 371.0 -722.0 -141.0 -999.0 279.0 -574.0 62.0 826.0 595.0 -873.0 913.0 -663.0 636.0 452.0 538.0 633.0 -329.0 883.0 -191.0 -379.0 792.0 396.0 -920.0 575.0 691.0 791.0 -932.0 590.0 -639.0 -513.0 133.0 970.0 743.0 -995.0 288.0 -758.0 -99.0 995.0 -932.0 -955.0 -57.0 -250.0 625.0 -129.0 663.0 124.0 932.0 775.0 -682.0 726.0 953.0 315.0 -360.0 185.0 -837.0 121.0 -957.0 -604.0 151.0 -101.0 187.0 780.0 325.0 -139.0 -681.0 -586.0 684.0 54.0 -138.0 361.0 637.0 807.0 837.0 6.0 45.0 819.0 427.0 262.0 744.0 374.0 999.0 808.0 743.0 363.0 -632.0 373.0 -225.0 -429.0 -946.0 -889.0 -997.0 870.0 -969.0 600.0 -426.0 85.0 350.0 432.0 -574.0 232.0 981.0 851.0 -440.0 -142.0 -555.0 174.0 -75.0 -928.0 -559.0 693.0 -460.0 310.0 -728.0 689.0 -497.0 100.0 796.0 873.0 666.0 76.0 -271.0 -366.0 619.0 -607.0 596.0 639.0 394.0 -919.0 -335.0 -986.0 -729.0 272.0 -529.0 556.0 -31.0 -326.0 -841.0 -179.0 -723.0 134.0 393.0 388.0 545.0 -73.0 -153.0 -600.0 55.0 945.0 -501.0 -323.0 808.0 -155.0 504.0 520.0 838.0 -798.0 88.0 156.0 -151.0 -758.0 571.0 567.0 225.0 744.0 -1000.0 245.0 318.0 797.0 -724.0 579.0 902.0 750.0 344.0 752.0 71.0 -873.0 943.0 971.0 749.0 525.0 -313.0 -588.0 -536.0 280.0 -285.0 -859.0 191.0 -719.0 -21.0 -464.0 -551.0 372.0 800.0 -762.0 -17.0 257.0 -364.0 -542.0 265.0 -375.0 -394.0 -448.0 -562.0 -575.0 -982.0 -850.0 -725.0 514.0 -78.0 607.0 96.0 183.0 -467.0 -996.0 794.0 679.0 -413.0 -706.0 -670.0 -310.0 -237.0 35.0 936.0 -383.0 841.0 -367.0 433.0 -932.0 -301.0 -971.0 76.0 -821.0 477.0 29.0 -740.0 534.0 -881.0 -444.0 -183.0 610.0 -99.0 -948.0 -494.0 229.0 -350.0 -189.0 -212.0 936.0 -465.0 -569.0 662.0 471.0 664.0 -226.0 682.0 -627.0 -704.0 612.0 -873.0 567.0 -184.0 -796.0 6.0 -583.0 15.0 -762.0 -275.0 957.0 -839.0 387.0 676.0 793.0 -286.0 -377.0 92.0 655.0 550.0 -964.0 474.0 872.0 -364.0 72.0 -738.0 -366.0 398.0 -227.0 -290.0 63.0 482.0 -781.0 -222.0 -585.0 213.0 -892.0 -644.0 -928.0 -805.0 175.0 286.0 150.0 967.0 -35.0 -120.0 309.0 -984.0 700.0 383.0 -762.0 520.0 440.0 81.0 431.0 -27.0 -623.0 101.0 290.0 725.0 3.0 914.0 271.0 795.0 -899.0 197.0 -670.0 13.0 -35.0 10.0 -612.0 444.0 -249.0 634.0 -859.0 878.0 458.0 -369.0 -538.0 -356.0 -297.0 31.0 -652.0 647.0 -11.0 -429.0 -580.0 837.0 -298.0 -220.0 -995.0 824.0 983.0 -994.0 500.0 837.0 -315.0 213.0 233.0 -517.0 812.0 -566.0 49.0 -38.0 265.0 -628.0 731.0 685.0 -234.0 469.0 -388.0 771.0 589.0 -327.0 -454.0 329.0 603.0 642.0 -435.0 -580.0 -465.0 449.0 80.0 -901.0 -593.0 -364.0 -279.0 -14.0 81.0 218.0 861.0 -676.0 -714.0 -649.0 391.0 223.0 745.0 -968.0 -656.0 -599.0 739.0 273.0 660.0 757.0 -406.0 -583.0 -676.0 161.0 663.0 -451.0 -772.0 840.0 892.0 -357.0 -958.0 -973.0 -693.0 973.0 387.0 97.0 -325.0 -412.0 -811.0 527.0 777.0 241.0 394.0 525.0 490.0 -964.0 -408.0 860.0 -780.0 -915.0 -664.0 930.0 -731.0 531.0 -213.0 -207.0 683.0 638.0 673.0 -909.0 817.0 -496.0 -589.0 518.0 -921.0 742.0 202.0 -88.0 819.0 956.0 -519.0 15.0 775.0 -987.0 -931.0 441.0 -893.0 805.0 190.0 -51.0 166.0 186.0 251.0 628.0 -766.0 -398.0 -373.0 -982.0 -70.0 19.0 553.0 -327.0 546.0 778.0 12.0 -518.0 692.0 -124.0 -772.0 961.0 -599.0 -294.0 965.0 -781.0 -737.0 426.0 -860.0 -599.0 -696.0 684.0 667.0 186.0 -705.0 650.0 778.0 -911.0 476.0 250.0 -425.0 499.0 216.0 612.0 729.0 -232.0 -818.0 -591.0 233.0 -57.0 298.0 -291.0 994.0 -406.0 -212.0 992.0 323.0 -60.0 459.0 517.0 -245.0 617.0 -37.0 -861.0 979.0 -711.0 577.0 -957.0 334.0 -452.0 -687.0 562.0 775.0 189.0 2.0 -106.0 -42.0 -257.0 314.0 872.0 977.0 -963.0 -533.0 -746.0 -985.0 820.0 -921.0 599.0 9.0 329.0 -374.0 -147.0 548.0 -663.0 -418.0 61.0 -652.0 765.0 338.0 870.0 -376.0 -223.0 135.0 632.0 -119.0 -15.0 332.0 -692.0 -190.0 806.0 536.0 -741.0 -131.0 -968.0 313.0 923.0 928.0 -870.0 124.0 -31.0 678.0 313.0 -421.0 -646.0 -105.0 -505.0 -972.0 -845.0 730.0 -343.0 -283.0 505.0 895.0 -275.0 844.0 758.0 -615.0 -172.0 -669.0 182.0 -905.0 696.0 197.0 -932.0 -1.0 884.0 790.0 738.0 -372.0 970.0 -756.0 -671.0 -984.0 607.0 409.0 620.0 -359.0 908.0 686.0 86.0 557.0 956.0 64.0 -743.0 744.0 -806.0 104.0 963.0 -340.0 920.0 -130.0 470.0 -174.0 412.0 -538.0 37.0 366.0 515.0 327.0 -616.0 815.0 316.0 -712.0 -23.0 -984.0 892.0 -836.0 -501.0 -592.0 394.0 -166.0 592.0 511.0 -637.0 15.0 -388.0 -885.0 250.0 748.0 -930.0 -71.0 -730.0 88.0 852.0 -946.0 -109.0 -199.0 385.0 586.0 -205.0 786.0 -586.0 -219.0 353.0 -602.0 -426.0 457.0 -590.0 825.0 241.0 176.0 -223.0 -132.0 268.0 -244.0 -482.0 -527.0 -369.0 -168.0 -887.0 231.0 168.0 964.0 564.0 784.0 435.0 -776.0 765.0 -411.0 696.0 460.0 943.0 23.0 752.0 928.0 671.0 -108.0 860.0 -978.0 -928.0 -991.0 -236.0 190.0 -628.0 -908.0 -374.0 -613.0 -312.0 615.0 706.0 -811.0 -512.0 90.0 -809.0 276.0 949.0 -270.0 203.0 -819.0 -538.0 328.0 204.0 549.0 986.0 909.0 -764.0 720.0 -502.0 -125.0 -67.0 662.0 492.0 642.0 -276.0 875.0 -48.0 -429.0 -892.0 -371.0 -74.0 -357.0 -181.0 821.0 362.0 257.0 -502.0 -440.0 368.0 -390.0 456.0 839.0 691.0 -296.0 868.0 861.0 -899.0 334.0 -739.0 -369.0 45.0 -835.0 -301.0 420.0 196.0 363.0 -572.0 -365.0 183.0 932.0 -438.0 -543.0 216.0 46.0
середня довжина вектора: 12129.360800295279
к-сть векторів з довжиною більше за середню: 2745
вектор з макс найбільшою компонентою: 377.0 -691.0 97.0 300.0 393.0 916.0 649.0 477.0 166.0 -423.0 792.0 610.0 -677.0 893.0 -610.0 -462.0 568.0 224.0 190.0 894.0 675.0 213.0 796.0 -56.0 -138.0 -38.0 221.0 562.0 205.0 84.0 -923.0 -737.0 -105.0 364.0 467.0 577.0 -114.0 -97.0 -465.0 944.0 233.0 -85.0 773.0 -472.0 439.0 164.0 119.0 625.0 346.0 262.0 352.0 908.0 633.0 -886.0 -875.0 -541.0 154.0 749.0 422.0 839.0 -962.0 309.0 -474.0 -203.0 95.0 563.0 -742.0 336.0 -809.0 22.0 -574.0 -169.0 -209.0 -827.0 -728.0 745.0 -436.0 -295.0 938.0 -100.0 789.0 -904.0 176.0 -269.0 -442.0 991.0 -601.0 -357.0 439.0 -149.0 566.0 835.0 -840.0 327.0 670.0 -232.0 851.0 -274.0 -912.0 -939.0 -969.0 -953.0 -950.0 171.0 -922.0 -820.0 -223.0 662.0 -385.0 760.0 -785.0 208.0 718.0 -923.0 -505.0 464.0 575.0 -808.0 7.0 14.0 422.0 -455.0 78.0 -867.0 733.0 -524.0 -451.0 131.0 780.0 -507.0 -590.0 -606.0 -516.0 901.0 129.0 -189.0 757.0 816.0 -957.0 524.0 -374.0 -697.0 -632.0 -847.0 -273.0 482.0 -274.0 169.0 -608.0 -32.0 757.0 -703.0 801.0 -259.0 603.0 -44.0 276.0 409.0 870.0 530.0 -606.0 -858.0 -462.0 514.0 -129.0 636.0 -651.0 84.0 -441.0 452.0 876.0 -7.0 450.0 349.0 303.0 134.0 681.0 772.0 -893.0 -416.0 -172.0 -333.0 -528.0 704.0 -882.0 -941.0 -180.0 21.0 357.0 -890.0 549.0 -382.0 -645.0 -208.0 -416.0 -663.0 949.0 -663.0 576.0 -425.0 -356.0 93.0 921.0 -653.0 327.0 166.0 843.0 -464.0 -517.0 400.0 -935.0 560.0 -221.0 246.0 -269.0 -320.0 -230.0 573.0 871.0 -563.0 -46.0 831.0 -884.0 90.0 394.0 853.0 -537.0 -693.0 -230.0 576.0 -894.0 -114.0 241.0 -243.0 -980.0 -787.0 460.0 -657.0 -508.0 -193.0 -581.0 -539.0 -645.0 -768.0 541.0 13.0 5.0 -204.0 62.0 -702.0 -596.0 747.0 475.0 501.0 508.0 -775.0 -894.0 -109.0 -818.0 237.0 -333.0 288.0 192.0 344.0 691.0 -825.0 -614.0 -662.0 938.0 540.0 -983.0 -666.0 450.0 120.0 -935.0 -5.0 478.0 -660.0 -633.0 -527.0 55.0 291.0 -535.0 -605.0 -692.0 450.0 705.0 -933.0 -59.0 278.0 812.0 474.0 -144.0 989.0 -351.0 135.0 252.0 635.0 -539.0 865.0 -107.0 -418.0 -934.0 521.0 -608.0 305.0 -258.0 -385.0 -961.0 -249.0 538.0 867.0 -304.0 673.0 919.0 270.0 170.0 -808.0 264.0 -185.0 883.0 -22.0 193.0 808.0 -581.0 -942.0 -756.0 469.0 -764.0 803.0 -518.0 437.0 -11.0 -861.0 -644.0 863.0 -817.0 904.0 -750.0 254.0 -988.0 262.0 890.0 918.0 766.0 302.0 -798.0 -993.0 -793.0 -209.0 148.0 -738.0 983.0 -398.0 337.0 -977.0 826.0 383.0 167.0 526.0 838.0 170.0 -6.0 -713.0 705.0 -370.0 -194.0 -698.0 369.0 829.0 -278.0 773.0 384.0 819.0 -566.0 827.0 -607.0 -361.0 92.0 1000.0 -112.0 -970.0 778.0 -88.0 -469.0 706.0 -104.0 677.0 -45.0 -601.0 939.0 -972.0 558.0 -756.0 73.0 964.0 -905.0 906.0 345.0 695.0 -163.0 -336.0 -777.0 -586.0 -775.0 265.0 552.0 471.0 -984.0 419.0 -11.0 2.0 -329.0 -922.0 -920.0 -412.0 502.0 105.0 219.0 959.0 968.0 286.0 -370.0 73.0 604.0 -691.0 -24.0 -541.0 -76.0 130.0 -469.0 156.0 302.0 -678.0 212.0 855.0 -330.0 173.0 768.0 -604.0 -754.0 467.0 -588.0 -901.0 -615.0 832.0 146.0 -631.0 859.0 863.0 -554.0 517.0 525.0 765.0 684.0 -162.0 199.0 242.0 -194.0 -584.0 620.0 446.0 643.0 937.0 666.0 415.0 973.0 39.0 805.0 -467.0 -147.0 18.0 708.0 -58.0 -828.0 399.0 -661.0 209.0 922.0 476.0 254.0 -459.0 7.0 -278.0 534.0 -353.0 903.0 430.0 387.0 -185.0 818.0 712.0 856.0 603.0 -116.0 747.0 459.0 863.0 -957.0 667.0 -510.0 260.0 930.0 -865.0 -383.0 -59.0 -679.0 128.0 457.0 -897.0 51.0 -553.0 -247.0 307.0 467.0 -400.0 -646.0 158.0 -54.0 254.0 979.0 53.0 890.0 -223.0 -394.0 -883.0 -916.0 -92.0 144.0 919.0 249.0 -505.0 690.0 192.0 -658.0 447.0 -988.0 609.0 584.0 -705.0 -35.0 -491.0 -31.0 -495.0 171.0 -761.0 -433.0 251.0 -547.0 664.0 -123.0 124.0 -290.0 -19.0 610.0 43.0 676.0 -280.0 124.0 272.0 -554.0 -343.0 -792.0 971.0 -862.0 -863.0 293.0 -713.0 -400.0 631.0 -584.0 -33.0 512.0 -377.0 599.0 -548.0 -960.0 -366.0 34.0 -964.0 166.0 -26.0 22.0 88.0 386.0 -553.0 -211.0 -462.0 -516.0 -197.0 622.0 964.0 644.0 -197.0 -31.0 -356.0 203.0 -830.0 966.0 -532.0 994.0 242.0 137.0 438.0 -875.0 486.0 -917.0 166.0 505.0 -140.0 -327.0 -70.0 -324.0 -263.0 -894.0 321.0 962.0 730.0 -5.0 -837.0 -257.0 338.0 871.0 -395.0 220.0 903.0 -217.0 284.0 621.0 -125.0 83.0 259.0 -546.0 -657.0 0.0 -998.0 -276.0 865.0 -461.0 -389.0 128.0 884.0 -481.0 -984.0 -1000.0 -782.0 -702.0 736.0 -149.0 600.0 -114.0 682.0 742.0 -1000.0 468.0 855.0 -274.0 -372.0 828.0 -959.0 185.0 221.0 -814.0 -132.0 -276.0 301.0 245.0 419.0 684.0 316.0 -748.0 111.0 81.0 -693.0 132.0 777.0 -815.0 -951.0 986.0 -794.0 758.0 402.0 -128.0 -692.0 -477.0 -792.0 30.0 308.0 355.0 264.0 -545.0 409.0 65.0 -440.0 -100.0 155.0 144.0 894.0 -553.0 633.0 958.0 583.0 -791.0 -616.0 -452.0 -236.0 19.0 -325.0 302.0 859.0 711.0 637.0 -134.0 600.0 878.0 59.0 860.0 150.0 718.0 -802.0 -49.0 278.0 473.0 -623.0 -976.0 801.0 813.0 -254.0 -653.0 899.0 417.0 -665.0 186.0 -884.0 -194.0 249.0 267.0 291.0 660.0 908.0 572.0 -70.0 647.0 -932.0 -999.0 -22.0 -895.0 -777.0 155.0 -608.0 554.0 611.0 271.0 -917.0 -291.0 -694.0 740.0 338.0 94.0 -409.0 70.0 101.0 350.0 -42.0 -481.0 210.0 90.0 907.0 -848.0 -284.0 706.0 864.0 437.0 -267.0 -558.0 559.0 -713.0 -381.0 396.0 929.0 -526.0 422.0 352.0 -129.0 -894.0 419.0 -435.0 107.0 -928.0 -78.0 415.0 -916.0 638.0 116.0 -420.0 594.0 -532.0 553.0 -390.0 -915.0 260.0 -203.0 407.0 -441.0 770.0 -29.0 159.0 465.0 782.0 -611.0 447.0 -663.0 693.0 -231.0 -246.0 -663.0 996.0 -259.0 968.0 -480.0 358.0 875.0 521.0 892.0 -838.0 -47.0 -257.0 338.0 962.0 -892.0 -110.0 248.0 -505.0 288.0 343.0 -121.0 974.0 -921.0 -814.0 -354.0 474.0 -417.0 554.0 -965.0 865.0 -67.0 -877.0 -848.0
вектор з мін найменшою компонентою: 377.0 -691.0 97.0 300.0 393.0 916.0 649.0 477.0 166.0 -423.0 792.0 610.0 -677.0 893.0 -610.0 -462.0 568.0 224.0 190.0 894.0 675.0 213.0 796.0 -56.0 -138.0 -38.0 221.0 562.0 205.0 84.0 -923.0 -737.0 -105.0 364.0 467.0 577.0 -114.0 -97.0 -465.0 944.0 233.0 -85.0 773.0 -472.0 439.0 164.0 119.0 625.0 346.0 262.0 352.0 908.0 633.0 -886.0 -875.0 -541.0 154.0 749.0 422.0 839.0 -962.0 309.0 -474.0 -203.0 95.0 563.0 -742.0 336.0 -809.0 22.0 -574.0 -169.0 -209.0 -827.0 -728.0 745.0 -436.0 -295.0 938.0 -100.0 789.0 -904.0 176.0 -269.0 -442.0 991.0 -601.0 -357.0 439.0 -149.0 566.0 835.0 -840.0 327.0 670.0 -232.0 851.0 -274.0 -912.0 -939.0 -969.0 -953.0 -950.0 171.0 -922.0 -820.0 -223.0 662.0 -385.0 760.0 -785.0 208.0 718.0 -923.0 -505.0 464.0 575.0 -808.0 7.0 14.0 422.0 -455.0 78.0 -867.0 733.0 -524.0 -451.0 131.0 780.0 -507.0 -590.0 -606.0 -516.0 901.0 129.0 -189.0 757.0 816.0 -957.0 524.0 -374.0 -697.0 -632.0 -847.0 -273.0 482.0 -274.0 169.0 -608.0 -32.0 757.0 -703.0 801.0 -259.0 603.0 -44.0 276.0 409.0 870.0 530.0 -606.0 -858.0 -462.0 514.0 -129.0 636.0 -651.0 84.0 -441.0 452.0 876.0 -7.0 450.0 349.0 303.0 134.0 681.0 772.0 -893.0 -416.0 -172.0 -333.0 -528.0 704.0 -882.0 -941.0 -180.0 21.0 357.0 -890.0 549.0 -382.0 -645.0 -208.0 -416.0 -663.0 949.0 -663.0 576.0 -425.0 -356.0 93.0 921.0 -653.0 327.0 166.0 843.0 -464.0 -517.0 400.0 -935.0 560.0 -221.0 246.0 -269.0 -320.0 -230.0 573.0 871.0 -563.0 -46.0 831.0 -884.0 90.0 394.0 853.0 -537.0 -693.0 -230.0 576.0 -894.0 -114.0 241.0 -243.0 -980.0 -787.0 460.0 -657.0 -508.0 -193.0 -581.0 -539.0 -645.0 -768.0 541.0 13.0 5.0 -204.0 62.0 -702.0 -596.0 747.0 475.0 501.0 508.0 -775.0 -894.0 -109.0 -818.0 237.0 -333.0 288.0 192.0 344.0 691.0 -825.0 -614.0 -662.0 938.0 540.0 -983.0 -666.0 450.0 120.0 -935.0 -5.0 478.0 -660.0 -633.0 -527.0 55.0 291.0 -535.0 -605.0 -692.0 450.0 705.0 -933.0 -59.0 278.0 812.0 474.0 -144.0 989.0 -351.0 135.0 252.0 635.0 -539.0 865.0 -107.0 -418.0 -934.0 521.0 -608.0 305.0 -258.0 -385.0 -961.0 -249.0 538.0 867.0 -304.0 673.0 919.0 270.0 170.0 -808.0 264.0 -185.0 883.0 -22.0 193.0 808.0 -581.0 -942.0 -756.0 469.0 -764.0 803.0 -518.0 437.0 -11.0 -861.0 -644.0 863.0 -817.0 904.0 -750.0 254.0 -988.0 262.0 890.0 918.0 766.0 302.0 -798.0 -993.0 -793.0 -209.0 148.0 -738.0 983.0 -398.0 337.0 -977.0 826.0 383.0 167.0 526.0 838.0 170.0 -6.0 -713.0 705.0 -370.0 -194.0 -698.0 369.0 829.0 -278.0 773.0 384.0 819.0 -566.0 827.0 -607.0 -361.0 92.0 1000.0 -112.0 -970.0 778.0 -88.0 -469.0 706.0 -104.0 677.0 -45.0 -601.0 939.0 -972.0 558.0 -756.0 73.0 964.0 -905.0 906.0 345.0 695.0 -163.0 -336.0 -777.0 -586.0 -775.0 265.0 552.0 471.0 -984.0 419.0 -11.0 2.0 -329.0 -922.0 -920.0 -412.0 502.0 105.0 219.0 959.0 968.0 286.0 -370.0 73.0 604.0 -691.0 -24.0 -541.0 -76.0 130.0 -469.0 156.0 302.0 -678.0 212.0 855.0 -330.0 173.0 768.0 -604.0 -754.0 467.0 -588.0 -901.0 -615.0 832.0 146.0 -631.0 859.0 863.0 -554.0 517.0 525.0 765.0 684.0 -162.0 199.0 242.0 -194.0 -584.0 620.0 446.0 643.0 937.0 666.0 415.0 973.0 39.0 805.0 -467.0 -147.0 18.0 708.0 -58.0 -828.0 399.0 -661.0 209.0 922.0 476.0 254.0 -459.0 7.0 -278.0 534.0 -353.0 903.0 430.0 387.0 -185.0 818.0 712.0 856.0 603.0 -116.0 747.0 459.0 863.0 -957.0 667.0 -510.0 260.0 930.0 -865.0 -383.0 -59.0 -679.0 128.0 457.0 -897.0 51.0 -553.0 -247.0 307.0 467.0 -400.0 -646.0 158.0 -54.0 254.0 979.0 53.0 890.0 -223.0 -394.0 -883.0 -916.0 -92.0 144.0 919.0 249.0 -505.0 690.0 192.0 -658.0 447.0 -988.0 609.0 584.0 -705.0 -35.0 -491.0 -31.0 -495.0 171.0 -761.0 -433.0 251.0 -547.0 664.0 -123.0 124.0 -290.0 -19.0 610.0 43.0 676.0 -280.0 124.0 272.0 -554.0 -343.0 -792.0 971.0 -862.0 -863.0 293.0 -713.0 -400.0 631.0 -584.0 -33.0 512.0 -377.0 599.0 -548.0 -960.0 -366.0 34.0 -964.0 166.0 -26.0 22.0 88.0 386.0 -553.0 -211.0 -462.0 -516.0 -197.0 622.0 964.0 644.0 -197.0 -31.0 -356.0 203.0 -830.0 966.0 -532.0 994.0 242.0 137.0 438.0 -875.0 486.0 -917.0 166.0 505.0 -140.0 -327.0 -70.0 -324.0 -263.0 -894.0 321.0 962.0 730.0 -5.0 -837.0 -257.0 338.0 871.0 -395.0 220.0 903.0 -217.0 284.0 621.0 -125.0 83.0 259.0 -546.0 -657.0 0.0 -998.0 -276.0 865.0 -461.0 -389.0 128.0 884.0 -481.0 -984.0 -1000.0 -782.0 -702.0 736.0 -149.0 600.0 -114.0 682.0 742.0 -1000.0 468.0 855.0 -274.0 -372.0 828.0 -959.0 185.0 221.0 -814.0 -132.0 -276.0 301.0 245.0 419.0 684.0 316.0 -748.0 111.0 81.0 -693.0 132.0 777.0 -815.0 -951.0 986.0 -794.0 758.0 402.0 -128.0 -692.0 -477.0 -792.0 30.0 308.0 355.0 264.0 -545.0 409.0 65.0 -440.0 -100.0 155.0 144.0 894.0 -553.0 633.0 958.0 583.0 -791.0 -616.0 -452.0 -236.0 19.0 -325.0 302.0 859.0 711.0 637.0 -134.0 600.0 878.0 59.0 860.0 150.0 718.0 -802.0 -49.0 278.0 473.0 -623.0 -976.0 801.0 813.0 -254.0 -653.0 899.0 417.0 -665.0 186.0 -884.0 -194.0 249.0 267.0 291.0 660.0 908.0 572.0 -70.0 647.0 -932.0 -999.0 -22.0 -895.0 -777.0 155.0 -608.0 554.0 611.0 271.0 -917.0 -291.0 -694.0 740.0 338.0 94.0 -409.0 70.0 101.0 350.0 -42.0 -481.0 210.0 90.0 907.0 -848.0 -284.0 706.0 864.0 437.0 -267.0 -558.0 559.0 -713.0 -381.0 396.0 929.0 -526.0 422.0 352.0 -129.0 -894.0 419.0 -435.0 107.0 -928.0 -78.0 415.0 -916.0 638.0 116.0 -420.0 594.0 -532.0 553.0 -390.0 -915.0 260.0 -203.0 407.0 -441.0 770.0 -29.0 159.0 465.0 782.0 -611.0 447.0 -663.0 693.0 -231.0 -246.0 -663.0 996.0 -259.0 968.0 -480.0 358.0 875.0 521.0 892.0 -838.0 -47.0 -257.0 338.0 962.0 -892.0 -110.0 248.0 -505.0 288.0 343.0 -121.0 974.0 -921.0 -814.0 -354.0 474.0 -417.0 554.0 -965.0 865.0 -67.0 -877.0 -848.0


Process finished with exit code 0
